<map>
0000000000000000000000000000000000000000000000000000000000000000000000000000000000000000000000000000000000000000000000000000000000000000000000000000000000000000000000000000000000000000000000000000000000000000000000000000000000000000000000000000000000000000000000000000000000000000000000000000000000000000000000000000000000000000000000000000000000000000000000000000000000000000000000000000000000000000000000000000000000000000000000000000000000000000000000000000000000000000000000000000000000000000000000000000000000000000000000000000000000000000000000000000000000000000000000000000000000000000000000
0000000000000000000000000000000000000000000000000000000000000000000000000000000000000000000000000000000000000000000000000000000000000000000000000000000000000000000000000000000000000000000000000000000000000000000000000000000000000000000000000000000000000000000000000000000000000000000000000000000000000000000000000000000000000000000000000000000000000000000000000000000000000000000000000000000000000000000000000000000000000000000000000000000000000000000000000000000000000000000000000000000000000000000000000000000000000000000000000000000000000000000001010101010000000000000000000000000000000000000000
0000000000000000000000000000000000000000000000000000000000000000000000000000000000000000000000000000000000000000000000000000000000000000000000000000000000000000000000000000000000000000000000000000000000000000000000000000000000000000000000000000000000000000000000000000000000000000000000000000000000000000000000000000000000000000000000000000000000000000000000000000000000000000000000000000000000000000000000000000000000000000000000000000000000000000000000000000000000000000000003000300000000000000000000000000000000000000000000000000000000000004000000000000000000000000000000000000000000000000000000
0000000000000000000000000000000000000000000000000000000000000000000000000000000000000000000000000000000000000000000000000000000000000000000000000004000000000000000000000000000000000000000000000000000000000000000000000000000000000000000000000000000000000000000000000000000000000000000000000000000000000000000000000000000000000000000000000000000000000000000000000000000000000000000000000000000000000000000000000000000004000000000000000000000000000000000000000000000000000000000000000000000000000000000000000000000000000000000000000000000101010101000000000000000000000000000000000000000000000000000000
0000000000000000000000000200000000000000000000000000040000000000000000000000000000000000000400000000000000000000000000040000000000000000000000000001000000000000000004000000000000000000000000000000000000000000000000000000000000000000000000000004000000000000000000000000000000000000040000000000000000000000000000000000000000000000000000000000000000000000000000000000000000000000000000000000000000000000000004000101010101010101010000000000000000000000000000000000000000000000000006060600000000000000000000000000000000000000000000000400000000000000000000000000000000000000000000000001000000000000000000
0000000000000000000000000000000000000000000001010101010101010000000000000000000000000101010100000000000000000000010101010101010100000000000000000001010101010101010101010100000000000000000000040404040000000000000000000000000000000000000001010101000000000000000400000000000001010101010100000000000000000000000000000000000000040000000000040000000000000000000000000000000000000000000000000000000000000000000001000000000000000000000000000400000000000000000000000000000000000000000000000000000000000000000000000000000000000000010101010100000000000000000000000000000000000000000000000001000000000000000000
0000000000000000000000000000000000000000000000000000000000000000000004000000000400000000000000040000000000000000000000000000000000000004001000000000000000000000000000000000000000000000000000010101010000000000000000000000000000000000000000000000000000000000000100000000000000000000000000000000000000000000000000000000010101010101010101010000000000000000000000000000000000000000000000000000000000010101010101000000000000000000000000010101010100000000000000000000000000000000000000000000000000000000000000000000000000040000000000000000000000000000000000000000000000000000000000000001000000000000000000
0000000000000000000000000000000000000000000000000000000000000000000001010101010101000000000000010101010101000000000000000000000000010101010100000000000000000000000000000000040404000000000000000000000000000000000000000000000001010100000000000000000000000000000100000000000000000000000000000000030000000000000000000400000000000000000000000000000000000000040000000000000000000000000000000000000000000000000000000000000000000000000000000000000000000000000400000000000000000000000000000000000000000000000004000001010101010000000000000000000000000000000000000000000000000000000000000001000000000000000000
0101010101010101010101010101010101010101000000000000000000000000000000000000000000000000000000000000000000000000000000000000000000000000000000000000000000000000000000000000010101010101010000000000000000000004000000000004000000000000000000000000000001010101010101010101000000000000000000000101010101010101010101010100000000000000000000000000040000000000010000000000000000000000000000000000000400000000000000000000000000000000000000000000000000000000000100000000000000000000000000100000000000000101010101000000000000000000000000000000000000000000000000000000000000000000140101010101111111111111111111
0000000000000000000000000000000000000000000000000000000000000000000000000000000000000000000000000000000000000000000000000000000000000000000000000000000000000000000000000000000000000000000000000000000101010101010101010101000000000000000000000000000000000000000000000000000000000000000000000000000000000000000000000000000000000000000000000000010101010101010000000000000000000000000000010101010101000000000000000000000000000000000000000000000000000101010101010100000000000000000000010000000000000000000000000000000000000000000000000000000000000000000000000000000000000000000009000000000000000000000000
0000000000000000000000000000000000000000000000000000000000000000000000000000000000000000000000000000000000000000000000000000000000000000000000000000000000000000000000000000000000000000000000000000000000000000000000000000000000000000000000000000000000000000000000000000000000000000000000000000000000000000000000000000000000000000000000000000000000000000000000000000000000000000000400000000000000000000000000000000000000000000000000000000000000000000000000000000000000000000000000010000000000000000000000000000000000000000000000000000000000000000000000000000000000000000000000000000000000000000000000
0000000000000000000000000000000000000000000000000000000000000000000000000000000000000000000000000000000000000000000000000000000000000000000000000000000000000000000000000000000000000000000000000000000000000000000000000000000000000000000000000000000000000000000000000000000000000000000000000000000000000000000000000000000000000000000000000000000000000000000004000000000000010101010100000000000000000000000000000000000000000000000000000000000000000000000000000000000001010101010101010101010000000000000000000000000000000000000000000000000000000000000000000000000000000000000000000000000000000000000000
0000000000000000000000000000000000000000000000000000000000000000000000000000000000000000000000000000000000000000000000000000000000000000000000000000000000000000000000000000000000000000000000000000000000000000000000000000000000000000000000000000000000000000000000000000000000000000000000000000000000000000000000000000000000000000000000000000000000000000000001010101000000000000000000000000000000000000000000000000000000000000000000000000000000000000000000000000000000000000000000000000000000000000000000000000000000000000000000000000000000000000000000000000000000000000000000000000000000000000000000
0000000000000000000000000000000000000000000000000000000000000000000000000000000000000000000000000000000000000000000000000000000000000000000000000000000000000000000000000000000000000000000000000000000000000000000000000000000000000000000000000000000000000000000000000000000000000000000000000000000000000000000000000000000000000000000000000000000000000000000000000000000000000000000000000000000000000000000000000000000000000000000000000000000000000000000000000000000000000000000000000000000000000000000000000000000000000000000000000000000000000000000000000000000000000000000000000000000000000000000000
</map>
<tip>
RIP
</tip>